0 0 0
0 0 18
3 0 24
3 0 30
1 0 36
2 0 42
1 1 0
3 1 30
0 1 42
0 2 0
0 2 18
3 2 24
3 2 30
1 2 36
2 2 42
1 3 0
0 3 42
0 4 0
0 4 18
3 4 24
3 4 30
1 4 36
2 4 42
1 5 0
3 5 30
0 5 42
0 6 0
0 6 18
3 6 24
3 6 30
1 6 36
2 6 42
1 7 0
0 8 0
1 8 6
2 8 12
3 8 18
2 8 24
1 8 30
0 8 36
1 8 42
0 9 0
3 9 6
2 9 12
3 9 18
1 9 24
2 9 30
0 9 36
1 9 39
2 9 42
3 9 45
0 10 0
1 10 0
0 10 12
1 10 12
2 10 24
3 10 24
2 10 36
3 10 36
0 11 0
1 11 3
2 11 6
3 11 9
0 11 12
1 11 15
2 11 18
3 11 21
0 11 24
1 11 27
2 11 30
3 11 33
0 11 36
1 11 39
2 11 42
3 11 45
0 12 0
0 12 12
3 12 12
0 12 18
0 12 30
0 12 36
3 12 36
0 12 42
0 13 0
1 13 4
2 13 8
0 13 12
1 13 16
3 13 20
0 13 24
2 13 28
3 13 32
1 13 36
2 13 40
3 13 44
0 14 0
0 14 12
3 14 12
3 14 18
3 14 30
0 14 36
3 14 36
3 14 42
3 15 0
2 15 4
1 15 8
3 15 12
2 15 16
0 15 20
3 15 24
1 15 28
0 15 32
2 15 36
1 15 40
0 15 44
1 16 0
1 16 12
2 16 12
1 16 18
0 16 24
0 16 30
1 16 30
0 16 36
1 16 36
2 16 36
3 16 42
0 17 0
1 17 4
2 17 8
3 17 12
3 17 16
3 17 20
1 17 24
2 17 28
3 17 32
0 17 36
0 17 40
0 17 44
1 18 0
2 18 0
0 18 12
2 18 15
1 18 18
3 18 21
0 18 24
2 18 27
1 18 30
3 18 33
0 18 36
2 18 39
1 18 42
3 18 45
0 19 0
1 19 0
0 19 12
1 19 16
2 19 20
2 19 24
3 19 24
1 19 36
2 19 40
3 19 44
0 20 0
1 20 0
0 20 12
1 20 12
0 20 18
1 20 18
0 20 30
1 20 30
0 20 36
1 20 42
2 21 0
3 21 0
1 21 6
2 21 12
0 21 18
1 21 18
0 21 30
1 21 30
1 21 36
2 21 42
2 22 0
3 22 0
0 22 12
3 22 12
0 22 18
1 22 18
2 22 30
3 22 30
2 22 36
3 22 36
0 23 0
1 23 3
2 23 6
3 23 9
2 23 12
1 23 15
0 23 18
1 23 21
2 23 24
3 23 27
2 23 30
1 23 33
0 23 36
1 23 39
2 23 42
3 23 45
0 24 0
1 24 0
3 24 12
2 24 12
3 24 18
2 24 18
3 24 30
2 24 30
3 24 36
2 24 42
1 25 0
0 25 0
2 25 6
1 25 12
3 25 18
2 25 18
3 25 30
2 25 30
2 25 36
1 25 42
0 26 0
1 26 3
2 26 6
3 26 9
2 26 12
1 26 15
0 26 18
1 26 21
2 26 24
3 26 27
2 26 30
1 26 33
0 26 36
1 26 39
2 26 42
3 26 45
2 27 0
1 27 3
0 27 6
1 27 9
2 27 12
3 27 15
2 27 18
1 27 21
0 27 24
1 27 27
2 27 30
3 27 33
0 27 36
1 27 39
2 27 42
3 27 45
0 28 0
1 28 0
0 28 6
1 28 6
3 28 12
2 28 15
1 28 18
0 28 21
2 28 24
3 28 24
0 29 0
1 29 0
0 29 6
1 29 6
3 29 12
2 29 15
1 29 18
0 29 21
2 29 24
3 29 24
0 30 0
1 30 0
0 30 12
1 30 15
2 30 18
3 30 21
2 30 24
3 30 24
3 30 36
2 30 39
1 30 42
0 30 45
0 31 0
1 31 0
0 31 6
1 31 6
0 31 12
1 31 15
2 31 18
3 31 21
0 31 24
1 31 24
2 31 24
3 31 24
1 31 30
2 31 30
3 31 30
2 31 36
3 31 36
3 31 42
0 32 0
1 32 0
3 32 6
2 32 6
0 32 12
1 32 15
2 32 18
3 32 21
1 32 24
0 32 24
3 33 0
2 33 0
3 33 6
2 33 6
0 33 12
1 33 15
2 33 18
3 33 21
1 33 24
0 33 24
0 34 0
0 34 4
0 34 8
2 34 12
2 34 16
2 34 20
1 34 24
1 34 28
1 34 32
3 34 36
3 34 40
3 34 44
0 35 0
1 35 0
2 35 0
0 35 6
1 35 6
2 35 6
0 35 12
2 35 12
0 35 18
2 35 18
1 35 24
3 35 24
1 35 30
3 35 30
0 35 36
1 35 36
2 35 36
3 35 36
0 35 42
1 35 42
2 35 42
3 35 42
0 36 0
3 36 0
0 36 6
3 36 6
0 36 12
1 36 15
2 36 18
3 36 21
0 36 24
1 36 27
2 36 30
3 36 33
0 36 36
1 36 39
2 36 42
3 36 45
0 37 0
1 37 3
2 37 6
3 37 9
0 37 12
1 37 15
2 37 18
3 37 21
0 37 24
1 37 27
2 37 30
3 37 33
0 37 36
1 37 36
2 37 36
3 37 36
0 38 0
3 38 0
0 38 6
3 38 6
0 38 12
2 38 15
1 38 18
3 38 21
0 38 24
2 38 27
1 38 30
3 38 33
0 38 36
2 38 39
1 38 42
3 38 45
0 39 0
2 39 3
1 39 6
3 39 9
0 39 12
2 39 15
1 39 18
3 39 21
0 39 24
2 39 27
1 39 30
3 39 33
0 39 36
1 39 36
2 39 36
3 39 36
0 40 0
3 40 0
0 40 6
3 40 6
0 40 12
1 40 15
2 40 18
3 40 21
2 40 24
1 40 27
0 40 30
1 40 33
2 40 36
3 40 39
2 40 42
1 40 45
0 41 0
1 41 3
2 41 6
3 41 9
2 41 12
1 41 15
0 41 18
1 41 21
2 41 24
3 41 27
2 41 30
1 41 33
0 41 36
1 41 36
2 41 36
3 41 36
0 42 0
3 42 0
1 42 4
2 42 8
0 42 12
3 42 12
2 42 16
1 42 20
0 42 24
3 42 24
1 42 28
2 42 32
0 42 36
3 42 36
2 42 40
1 42 44
0 43 0
3 43 0
1 43 6
3 43 6
2 43 12
3 43 12
3 43 18
0 43 24
0 43 30
1 43 30
0 43 36
2 43 36
0 43 42
3 43 42
0 44 0
1 44 0
2 44 0
3 44 0
2 45 36
3 45 36
1 46 0
2 46 0
0 46 24
1 46 24
1 47 0
2 47 0
0 47 18
1 47 21
2 47 24
3 47 30
3 47 36
3 47 42
2 48 0
3 48 0
0 48 24
1 48 24
2 48 24
3 48 24
2 48 30
3 48 30
2 49 12
3 49 12
0 49 24
1 49 24
2 49 24
3 49 24
2 49 30
3 49 30
0 50 0
1 50 6
2 50 12
0 50 18
1 50 24
3 50 30
0 50 36
2 50 42
3 51 0
1 51 6
2 51 12
3 51 18
2 51 24
3 51 24
2 51 30
3 51 30
2 51 36
3 51 36
2 51 42
3 51 42
0 52 0
1 52 0
0 52 12
2 52 15
0 52 18
2 52 21
1 52 24
3 52 27
1 52 30
3 52 33
0 52 36
1 52 36
2 52 42
3 52 42
0 53 0
1 53 3
0 53 6
1 53 9
1 53 12
2 53 15
1 53 18
2 53 21
2 53 24
3 53 27
2 53 30
3 53 33
1 53 36
2 53 39
1 53 42
2 53 45
0 54 0
1 54 0
2 54 0
3 54 0
3 54 12
1 54 15
3 54 18
1 54 21
2 54 24
0 54 27
2 54 30
0 54 33
3 54 36
2 54 36
1 54 42
0 54 42
3 55 0
2 55 3
3 55 6
2 55 9
2 55 12
1 55 15
2 55 18
1 55 21
1 55 24
0 55 27
1 55 30
0 55 33
2 55 36
1 55 39
2 55 42
1 55 45
3 56 0
2 56 6
3 56 6
2 56 12
3 56 12
0 56 24
1 56 27
2 56 30
3 56 33
1 56 36
2 56 42
0 57 0
0 57 6
1 57 6
0 57 12
1 57 12
3 57 24
2 57 27
1 57 30
0 57 33
3 57 36
2 57 39
1 57 42
0 57 45
3 58 0
2 58 6
3 58 6
1 58 12
2 58 12
3 58 12
0 58 24
1 58 27
2 58 30
3 58 33
1 58 36
2 58 42
0 59 0
0 59 6
1 59 6
0 59 12
1 59 12
2 59 12
3 59 24
2 59 30
3 59 30
1 59 36
2 59 36
3 59 36
0 62 0
0 62 3
0 62 6
0 62 9
0 62 12
0 62 15
0 62 18
0 62 21
0 62 24
0 62 27
0 62 30
0 62 33
0 62 36
1 62 39
2 62 42
3 62 45
0 63 0
1 63 0
2 63 0
3 63 0
1 63 6
2 63 6
3 63 6
0 63 12
1 63 12
2 63 12
3 63 12
0 63 18
2 63 18
3 63 18
0 63 24
1 63 24
2 63 24
3 63 24
0 63 30
1 63 30
3 63 30
0 63 36
1 63 36
2 63 36
3 63 36
0 63 42
1 63 42
2 63 42
3 64 0
0 64 12
1 64 12
2 64 12
3 64 12
0 64 36
1 64 42
2 65 0
3 65 6
2 65 18
1 65 30
0 65 42
0 66 0
0 66 12
1 66 18
2 66 18
3 66 18
3 67 0
3 67 9
2 67 12
2 67 21
1 67 24
1 67 33
0 67 36
0 68 0
1 68 6
0 68 12
1 68 18
1 68 36
3 68 36
2 69 0
3 69 6
2 69 12
3 69 18
0 69 30
0 69 36
2 69 36
0 70 0
1 70 3
2 70 6
3 70 9
0 70 12
1 70 15
2 70 18
3 70 21
0 70 24
1 70 27
2 70 30
3 70 33
0 70 36
1 70 39
2 70 42
3 70 45
0 71 0
1 71 0
0 71 6
1 71 6
0 71 12
2 71 12
0 71 18
3 71 18
0 71 30
1 71 30
3 71 30
0 71 36
1 71 36
2 71 36
3 71 36
0 72 12
1 72 12
2 72 12
3 72 12
0 72 21
2 72 24
3 72 39
2 72 42
0 73 0
1 73 0
1 73 12
2 73 15
2 73 18
3 73 18
2 73 30
1 73 33
0 73 36
0 73 42
1 73 42
0 74 0
1 74 3
2 74 6
3 74 9
0 74 12
1 74 12
0 74 18
1 74 18
0 74 24
1 74 27
2 74 30
3 74 33
0 74 36
1 74 36
0 74 42
1 74 42
1 75 0
2 75 3
1 75 6
2 75 9
3 75 12
2 75 15
1 75 18
0 75 21
3 75 24
2 75 27
1 75 30
0 75 33
0 75 36
1 75 36
0 75 42
0 76 0
1 76 2
2 76 4
3 76 6
2 76 8
1 76 10
0 76 12
1 76 14
2 76 16
3 76 18
2 76 20
1 76 22
0 76 24
1 76 26
2 76 28
3 76 30
2 76 32
1 76 34
0 76 36
1 76 38
2 76 40
3 76 42
2 76 44
1 76 46
0 77 0
1 77 6
2 77 6
3 77 6
2 77 12
1 77 16
0 77 20
3 77 24
2 77 28
1 77 32
2 77 36
1 77 40
0 77 44
1 78 0
2 78 0
3 78 0
3 78 12
2 78 15
1 78 18
0 78 21
3 78 24
2 78 27
1 78 30
2 78 33
0 78 36
1 78 36
2 78 42
3 78 42
0 79 0
1 79 0
2 79 0
3 79 0
3 79 6
2 79 9
0 79 12
1 79 12
0 79 18
1 79 18
2 79 18
3 79 18
0 79 24
1 79 27
2 79 30
3 79 30
0 79 36
1 79 36
2 79 36
3 79 36
1 79 42
0 80 0
1 80 0
2 80 18
3 80 18
0 80 24
1 80 24
0 80 30
1 80 30
2 80 36
3 80 36
0 80 42
1 80 42
0 81 0
1 81 3
2 81 6
3 81 9
2 81 12
3 81 15
2 81 18
1 81 21
0 81 24
1 81 27
0 81 30
1 81 33
2 81 36
3 81 39
0 81 42
1 81 42
0 82 0
1 82 0
2 82 18
3 82 18
0 82 24
1 82 24
0 82 30
1 82 30
2 82 36
3 82 36
0 82 42
1 82 42
0 83 0
1 83 3
0 83 6
1 83 9
2 83 12
3 83 15
2 83 18
1 83 21
0 83 24
1 83 27
0 83 30
1 83 33
2 83 36
3 83 39
0 83 42
1 83 42
0 84 0
1 84 0
2 84 12
3 84 12
0 84 18
1 84 18
0 84 24
1 84 24
2 84 30
3 84 30
0 84 36
1 84 36
2 84 42
3 84 42
3 85 0
2 85 3
1 85 6
0 85 9
1 85 12
0 85 15
1 85 18
2 85 21
3 85 24
2 85 27
3 85 30
2 85 33
1 85 36
0 85 39
2 85 42
3 85 42
0 86 0
1 86 0
0 86 12
1 86 12
2 86 18
3 86 18
2 86 24
3 86 24
0 86 36
1 86 36
2 86 42
3 86 42
0 86 45
3 87 0
2 87 3
3 87 6
2 87 9
1 87 12
0 87 15
1 87 18
0 87 21
1 87 24
2 87 27
3 87 30
2 87 33
3 87 36
2 87 39
1 87 42
0 87 45
2 88 0
3 88 0
1 88 6
2 88 6
0 88 12
1 88 12
1 88 18
2 88 18
2 88 24
3 88 24
1 88 30
2 88 30
0 88 36
1 88 36
1 88 42
2 88 42
2 89 0
3 89 0
1 89 6
2 89 6
0 89 12
1 89 12
2 89 18
3 89 18
0 89 24
1 89 24
2 89 30
3 89 30
1 89 36
3 89 39
0 89 42
2 89 45
0 90 0
1 90 0
3 90 0
0 90 12
1 90 12
2 90 12
3 90 12
1 90 24
2 90 24
3 90 24
0 90 36
1 90 36
2 90 36
3 90 36
1 91 0
2 91 3
1 91 6
2 91 9
1 91 12
2 91 15
1 91 18
2 91 21
1 91 24
2 91 27
1 91 30
2 91 33
1 91 36
2 91 39
1 91 42
2 91 45
0 92 0
1 92 0
3 92 0
0 92 12
1 92 15
2 92 18
3 92 21
1 92 24
0 92 27
1 92 30
3 92 33
2 92 36
1 92 39
0 92 42
3 92 45
2 93 0
3 93 3
0 93 6
1 93 9
2 93 12
3 93 15
2 93 18
1 93 21
2 93 24
3 93 27
2 93 30
1 93 33
0 93 36
1 93 39
3 93 42
2 93 45
0 94 0
1 94 0
3 94 0
